5
car 2 606 396 606 635 846 396 846 635
car 2 103 538 103 830 429 538 429 830
car 2 249 329 249 482 438 329 438 482
car 2 1120 479 1120 932 1557 479 1557 932
car 2 693 177 693 342 852 177 852 342
